[0.6786616161616161, 0.41414141414141414, 0.41224747474747475, 0.5517676767676768]
[0.6660353535353535, 0.41603535353535354, 0.4431818181818182, 0.5328282828282829]
[0.6571969696969697, 0.4273989898989899, 0.4337121212121212, 0.553030303030303]
[0.6502525252525253, 0.4154040404040404, 0.4457070707070707, 0.5340909090909091]
[0.6401515151515151, 0.44065656565656564, 0.4198232323232323, 0.5410353535353535]
[0.6660353535353535, 0.42487373737373735, 0.44696969696969696, 0.5429292929292929]
[0.6761363636363636, 0.41035353535353536, 0.47095959595959597, 0.5303030303030303]
[0.6565656565656566, 0.4286616161616162, 0.43813131313131315, 0.5454545454545454]
[0.6458333333333334, 0.42045454545454547, 0.45075757575757575, 0.5220959595959596]
[0.6527777777777778, 0.4172979797979798, 0.4311868686868687, 0.5284090909090909]
[0.6534090909090909, 0.41792929292929293, 0.4337121212121212, 0.5454545454545454]
[0.6792929292929293, 0.4154040404040404, 0.4494949494949495, 0.5164141414141414]
