[0.8046133897495393, 0.23858595509451988, 0.7549989763188426, 0.39746127072954346]
[0.8052958438545008, 0.24315839759776156, 0.7516549512045315, 0.40380809390568484]
[0.8033849723606088, 0.23940490002047363, 0.7514502149730431, 0.4029891489797311]
[0.8021565549716781, 0.2506653927523374, 0.7527468777724698, 0.3656589094383403]
[0.8048181259810278, 0.24534225073363816, 0.7534293318774312, 0.4008052958438545]
[0.7995632293728246, 0.24902750290042994, 0.753770558929912, 0.4032621306217157]
[0.8009963829932437, 0.24268067972428853, 0.7522691598989968, 0.31720466798607794]
[0.8084351327373234, 0.2421347164403194, 0.7511089879205624, 0.375963966423258]
[0.8022248003821743, 0.24172524397734252, 0.748106189858732, 0.3567187606633454]
[0.8015423462772129, 0.24820855797447622, 0.7526103869514775, 0.40817580017743804]
[0.8055688254964853, 0.24581996860711117, 0.7577970381491844, 0.37521326690780044]
